%YAML:1.0
calibration_time: "2018年08月19日 星期日 22时19分24秒"
nframes: 14
image_width: 2448
image_height: 2048
board_width: 8
board_height: 6
square_size: 2.4000000208616257e-02
flags: 0
camera_matrix: !!opencv-matrix
   rows: 3
   cols: 3
   dt: d
   data: [ 2.5684920914867548e+03, 0., 1.2758993523622642e+03, 0.,
       2.5544385676714087e+03, 1.0513060811823955e+03, 0., 0., 1. ]
distortion_coefficients: !!opencv-matrix
   rows: 5
   cols: 1
   dt: d
   data: [ -1.6065401633533957e-01, 7.1483079714537073e-02,
       2.0987465577356102e-03, -3.3763926406126738e-03,
       2.1679571536516604e-01 ]
avg_reprojection_error: 1.4488410342008606e+00
per_view_reprojection_errors: !!opencv-matrix
   rows: 14
   cols: 1
   dt: f
   data: [ 9.98583555e-01, 1.01331949e+00, 1.09842896e+00,
       1.65093553e+00, 9.73858178e-01, 8.19774747e-01, 1.56529737e+00,
       1.59990251e+00, 1.61952496e+00, 2.27019405e+00, 2.51506281e+00,
       8.95305753e-01, 9.85213399e-01, 9.62896526e-01 ]
# a set of 6-tuples (rotation vector + translation vector) for each view
extrinsic_parameters: !!opencv-matrix
   rows: 14
   cols: 6
   dt: d
   data: [ -8.0449662913219949e-02, -6.7212995565656963e-03,
       -2.2424291030435552e-02, -8.8106240007877104e-02,
       -8.8894319559658458e-02, 3.3934622456281266e-01,
       -8.5114149615837853e-02, -5.7441908245044315e-03,
       -3.6411154149321161e-02, -8.4985519608210117e-02,
       -8.7409954049674402e-02, 3.3996215804560376e-01,
       -1.3442695350622735e-01, -2.2857629815840727e-01,
       1.0078638541531740e-01, -4.8662894726319204e-02,
       -8.7228127287237681e-02, 3.3776962353051115e-01,
       -2.4570549862075236e-01, -5.0326046744787811e-01,
       2.5593231044042219e-02, -7.2330887257637949e-02,
       -6.1542445827327590e-02, 2.8799866927168699e-01,
       -1.0427467493866042e-01, -1.0720279400895141e-01,
       -9.2519156403389632e-02, -9.7683685557869812e-02,
       -1.4758878207289577e-01, 4.4287632245597092e-01,
       -1.7994351844417700e-01, -5.7100502699652243e-02,
       -4.3257417386043558e-02, -7.6250530797584107e-02,
       -3.5152757416779929e-03, 3.8685193378741800e-01,
       -1.7180284804742832e-01, 3.1086139368222687e-01,
       -7.4363340398697145e-02, -1.3446906963077421e-01,
       -7.0123999224512359e-02, 3.7971610440146680e-01,
       -1.0475733054666951e+00, -4.9702458561720050e-02,
       -5.5719973373246724e-02, -7.4046870444562402e-02,
       5.6149851014762130e-02, 5.6360306295233065e-01,
       5.9105485778474975e-01, -3.0189728971344143e-01,
       3.7435600582211924e-02, -8.3311092983659671e-02,
       -3.3586843412613913e-02, 3.6457725353219689e-01,
       -1.2677322085626733e-02, -9.4772992866463968e-01,
       1.0478427526675893e-01, 2.2207196970678446e-02,
       -5.3790218992579443e-02, 3.1911896777380677e-01,
       -9.8661553522581866e-02, 9.8431429661186165e-01,
       -9.9865042926726259e-03, -2.4097160098121163e-02,
       -8.4582896178868772e-02, 3.9202656434132771e-01,
       1.2086682050843750e-01, 5.4328401805264506e-02,
       1.0475421989447510e-02, -1.0739578164777785e-01,
       -1.1388833641803024e-01, 3.8900937564742538e-01,
       4.8044734680222842e-02, 4.8461903412490431e-02,
       3.3552340781436429e-02, -1.1309220563546908e-01,
       -9.7449441850430071e-03, 3.9797800233954728e-01,
       3.4970991855364945e-02, 7.1837605180466529e-02,
       -1.4100826824628088e-02, -7.4163840119925425e-02,
       -8.7834999949996662e-02, 3.3664130124052222e-01 ]
image_points: !!opencv-matrix
   rows: 14
   cols: 48
   dt: "2f"
   data: [ 6.20036560e+02, 3.96111542e+02, 7.98573792e+02,
       3.89020935e+02, 9.76414368e+02, 3.83434052e+02, 1.15480762e+03,
       3.78404175e+02, 1.33360461e+03, 3.76798615e+02, 1.51345300e+03,
       3.73138428e+02, 1.68961011e+03, 3.72760284e+02, 1.86274194e+03,
       3.72564240e+02, 6.18540100e+02, 5.69005615e+02, 7.98402100e+02,
       5.62540649e+02, 9.78261475e+02, 5.57013428e+02, 1.15775769e+03,
       5.51426697e+02, 1.33852515e+03, 5.48377197e+02, 1.52009570e+03,
       5.46005737e+02, 1.69859546e+03, 5.43614380e+02, 1.87426953e+03,
       5.41814514e+02, 6.15928040e+02, 7.43752136e+02, 7.97893494e+02,
       7.38397644e+02, 9.78758606e+02, 7.32952454e+02, 1.16097607e+03,
       7.28981934e+02, 1.34345459e+03, 7.23608459e+02, 1.52640894e+03,
       7.21811584e+02, 1.70653516e+03, 7.18763306e+02, 1.88292383e+03,
       7.16969116e+02, 6.14352417e+02, 9.21216614e+02, 7.97496277e+02,
       9.16152771e+02, 9.80591003e+02, 9.12334473e+02, 1.16417908e+03,
       9.07830444e+02, 1.34806226e+03, 9.03036743e+02, 1.53251453e+03,
       9.00349121e+02, 1.71366321e+03, 8.97155579e+02, 1.89192761e+03,
       8.93884033e+02, 6.13862793e+02, 1.10288440e+03, 7.98679626e+02,
       1.09881812e+03, 9.82503967e+02, 1.09502600e+03, 1.16767603e+03,
       1.09086426e+03, 1.35276782e+03, 1.08660400e+03, 1.53864917e+03,
       1.08284827e+03, 1.72127429e+03, 1.07862292e+03, 1.90006799e+03,
       1.07448206e+03, 6.15276489e+02, 1.28752393e+03, 8.00856323e+02,
       1.28387695e+03, 9.85845276e+02, 1.28058875e+03, 1.17148730e+03,
       1.27669336e+03, 1.35747778e+03, 1.27247522e+03, 1.54446326e+03,
       1.26779517e+03, 1.72753662e+03, 1.26310754e+03, 1.90752087e+03,
       1.25784253e+03, 6.43848816e+02, 4.07531250e+02, 8.22365051e+02,
       3.98382751e+02, 1.00001935e+03, 3.90434692e+02, 1.17827112e+03,
       3.82810608e+02, 1.35648755e+03, 3.79131195e+02, 1.53588135e+03,
       3.73097839e+02, 1.71138037e+03, 3.70536377e+02, 1.88375732e+03,
       3.67841217e+02, 6.44791199e+02, 5.80421082e+02, 8.24717285e+02,
       5.71278442e+02, 1.00447803e+03, 5.63596069e+02, 1.18380225e+03,
       5.55452087e+02, 1.36421741e+03, 5.50068298e+02, 1.54503857e+03,
       5.45148926e+02, 1.72314502e+03, 5.40553650e+02, 1.89819043e+03,
       5.36394958e+02, 6.44734497e+02, 7.54653564e+02, 8.26782227e+02,
       7.46763794e+02, 1.00766962e+03, 7.39000610e+02, 1.18972693e+03,
       7.32569641e+02, 1.37200403e+03, 7.24789185e+02, 1.55442004e+03,
       7.20483276e+02, 1.73393616e+03, 7.15238098e+02, 1.90967761e+03,
       7.10869873e+02, 6.45625183e+02, 9.32102478e+02, 8.29076660e+02,
       9.24519409e+02, 1.01223340e+03, 9.18218506e+02, 1.19565979e+03,
       9.11131226e+02, 1.37944263e+03, 9.03764038e+02, 1.56331555e+03,
       8.98608459e+02, 1.74395374e+03, 8.92860168e+02, 1.92152661e+03,
       8.87200989e+02, 6.47795593e+02, 1.11366394e+03, 8.32897705e+02,
       1.10706628e+03, 1.01694135e+03, 1.10065283e+03, 1.20200208e+03,
       1.09392969e+03, 1.38682312e+03, 1.08716443e+03, 1.57228552e+03,
       1.08062500e+03, 1.75432825e+03, 1.07394287e+03, 1.93244312e+03,
       1.06742017e+03, 6.51786011e+02, 1.29831079e+03, 8.37726807e+02,
       1.29206250e+03, 1.02282599e+03, 1.28616821e+03, 1.20846692e+03,
       1.27954187e+03, 1.39440222e+03, 1.27288281e+03, 1.58092090e+03,
       1.26540527e+03, 1.76347388e+03, 1.25797827e+03, 1.94276294e+03,
       1.25022424e+03, 9.09130859e+02, 4.01188049e+02, 1.08827966e+03,
       4.29391846e+02, 1.26036890e+03, 4.57491089e+02, 1.42822388e+03,
       4.85129547e+02, 1.58818188e+03, 5.15338745e+02, 1.74677173e+03,
       5.42445984e+02, 1.89625000e+03, 5.71010864e+02, 2.03937195e+03,
       5.97918396e+02, 8.88082458e+02, 5.72394165e+02, 1.06986560e+03,
       5.98405334e+02, 1.24469031e+03, 6.24555237e+02, 1.41539368e+03,
       6.49682678e+02, 1.57924915e+03, 6.76229065e+02, 1.73840637e+03,
       7.02720764e+02, 1.89130981e+03, 7.27676025e+02, 2.03753662e+03,
       7.51802673e+02, 8.67598083e+02, 7.46199219e+02, 1.05171851e+03,
       7.71155945e+02, 1.22963977e+03, 7.94951599e+02, 1.40117651e+03,
       8.19526001e+02, 1.57019861e+03, 8.41743103e+02, 1.72983997e+03,
       8.66528503e+02, 1.88432031e+03, 8.88985962e+02, 2.03050830e+03,
       9.11193298e+02, 8.46742859e+02, 9.24519592e+02, 1.03407471e+03,
       9.47173828e+02, 1.21305481e+03, 9.70137695e+02, 1.38779211e+03,
